2.571800000000000000e+04 7.500000000000000000e+01
2.501000000000000000e+03 4.000000000000000000e+00
7.882000000000000000e+03 8.000000000000000000e+00
5.494000000000000000e+03 1.200000000000000000e+01
4.160000000000000000e+03 1.800000000000000000e+01
9.920000000000000000e+02 1.000000000000000000e+00
1.137200000000000000e+04 9.000000000000000000e+01
7.250000000000000000e+02 1.000000000000000000e+00
5.426000000000000000e+03 1.400000000000000000e+01
3.403000000000000000e+03 1.000000000000000000e+00
4.291000000000000000e+03 3.900000000000000000e+01
5.148000000000000000e+03 2.000000000000000000e+00
1.089000000000000000e+04 6.000000000000000000e+00
2.219300000000000000e+04 4.800000000000000000e+01
